84
-412 373
537 788
-984 -425
-1888 -323
224 2446
-136 1852
-827 -208
3296 3397
-2779 3151
0 0
-276 192
557 749
-977 -975
-1461 1073
-159 120
-2925 1794
-1349 1571
-3180 2827
2505 3850
0 0
-237 177
-700 -171
-955 113
-174 1720
-1251 772
-994 378
-826 1948
1139 1989
-2908 1459
0 0
65 329
-806 724
-1008 -492
-1391 40
72 2302
-2380 -1971
2506 3109
-2748 3476
-3676 1398
0 0
-147 158
-672 854
-300 772
-1293 -79
1093 1824
-1208 -300
-3290 -2143
-2202 -797
-1584 3214
0 0
-166 309
428 570
738 1323
913 1227
-1400 -1024
-800 1131
1139 3319
-1379 2861
-1051 4367
0 0
-149 488
-749 74
-1422 -851
-1355 -1190
-1481 2438
1079 1873
1175 3417
1751 3883
-2998 -2730
0 0
-372 402
-211 172
-105 202
-1928 42
5 2499
-1215 -945
2680 3022
-3263 1672
-1308 2103
0 0
-280 -27
-362 836
1120 1132
-408 711
