67
-156 -43
-466 785
-1382 1147
-1898 -1195
-88 1488
853 2304
-309 1733
-3355 441
-3937 -1452
0 0
214 395
-570 -529
-1011 -846
670 874
-268 623
1023 2101
-493 2916
-3552 424
-768 134
0 0
-441 -63
134 682
-73 1151
901 911
-2288 740
-2987 436
-1048 1819
1928 2461
-3802 -3618
0 0
226 397
-931 -506
-1253 213
-1002 153
-2374 -1376
-1849 -1119
19 845
-3027 211
2306 3950
0 0
112 282
-696 953
-1342 -1126
-1500 1101
2021 2023
-704 926
-1575 -1159
432 669
1090 4423
0 0
-398 -289
-430 453
-699 1170
-834 635
-815 308
2056 2713
-1635 387
-2838 2886
-1267 2302
0 0
-175 -90
234 271
41 774
-1500 1676
-2138 -463
820 1987
603 1585
