90
-452 -378
-796 216
-651 918
-1998 1333
108 2117
-2652 -2562
-2843 3343
-2269 104
-3520 1512
0 0
-368 225
-132 293
-155 1461
-1828 131
-2047 -1071
-1544 -1125
-1679 3003
1503 2621
2353 2505
0 0
80 92
-929 -313
368 1465
-1531 -1427
23 886
-1722 -1326
-2186 761
1907 3821
-3619 -3399
0 0
153 420
-504 504
-54 219
-788 -605
-2235 -1881
-2330 689
1738 2448
382 2744
3603 3729
0 0
-494 -372
-770 -147
-788 1485
-632 298
1309 1731
-2559 -2492
-1750 -504
7 2218
-3885 2523
0 0
-497 3
-392 921
-580 631
298 1457
1548 1571
667 1692
-2304 2466
-1094 527
-3582 -3226
0 0
-445 102
-854 684
-917 -845
-37 -27
1451 1896
715 2233
1215 3004
206 265
-99 3620
0 0
-385 68
-601 -567
671 773
-1831 1669
-1798 1839
-1358 1618
-1632 -24
-385 517
-3716 -567
0 0
127 405
-343 583
609 998
31 1091
-2337 1683
-1089 2138
-14 1091
-927 3122
-3140 -958
0 0
