100
7392 7400
-9049 4849
-5308 -4840
-8959 -4777
4364 5662
-2853 8986
2761 7296
-468 6687
1929 8741
0 0
-8342 -7305
-6358 317
-4143 -2080
-320 9152
-9434 -8334
-9818 2622
-3710 1704
-6018 2366
-816 -62
0 0
-6615 2706
-7824 9974
-1038 4110
-6926 -6580
-5953 -1702
1242 9543
-5185 5330
8377 9080
-8574 3472
0 0
465 1257
-9113 -2598
-2308 3614
-6740 -582
-6420 9521
3676 7402
-6018 9056
227 5751
-6734 2143
0 0
-7363 592
-8228 -3882
1717 5539
8570 9946
-4901 8773
-8953 -177
1704 5187
-9321 -6974
-3854 8696
0 0
1497 9790
656 3332
-8048 -1258
1284 2668
-5625 -2087
15 2129
804 8875
4921 8359
-3745 9119
0 0
-7100 -2665
-6335 -5298
-5539 -2011
-5257 5209
-6610 -5192
-4604 8591
-6320 3222
7872 9977
-3217 1022
0 0
-8764 9115
2022 9169
-5130 -2014
-7595 6057
3211 6644
2578 4683
-7163 2408
-1337 9304
-205 744
0 0
-1032 8751
-6966 8281
1273 7035
2697 5394
-7324 1449
3091 4824
-2020 -1540
-9253 2155
-9328 9596
0 0
-7369 -651
-8756 8815
-1713 3794
-6576 -2968
-5413 463
-7764 6158
-4888 1380
-6751 9532
3265 9555
0 0
